17.362 0 3 1 0 0 0 0 0 0 3 0 0 2 2 0 0 0 3 0 3 3 1 2 1 2 1 1 2 1 1 3 1 2 2 2 3 2 3 1 3 0 1 3 1 1 2 1 1 0 1
16.312 0 3 1 0 0 0 0 0 0 1 1 0 2 0 2 0 3 3 1 3 1 2 1 1 2 1 1 1 1 2 1 1 2 1 2 2 2 2 1 3 1 1 3 1 3 0 1 1 3 0
15.35 0 1 3 0 0 0 0 0 1 1 1 0 2 0 2 1 3 3 3 0 2 2 3 3 2 3 3 2 3 3 2 3 2 3 3 3 3 3 3 1 0 3 1 3 2 3 3 3 1 2
14.612 0 1 3 0 0 0 3 0 1 1 0 1 2 3 2 0 3 3 3 1 1 1 3 3 2 3 3 2 3 1 1 2 3 2 2 3 2 1 3 2 0 3 1 3 3 2 3 3 0 3
14.594 0 1 3 0 0 0 0 0 1 1 2 1 2 2 2 1 0 1 0 0 1 3 1 3 2 3 2 3 3 2 2 3 3 2 2 3 2 3 3 1 0 3 1 3 3 1 3 3 2 2
14.472 0 1 3 0 0 0 0 0 1 1 1 0 2 2 0 0 3 0 0 0 1 3 3 3 2 3 2 3 3 2 3 2 2 2 2 3 3 2 3 3 0 3 0 0 2 1 0 3 1 1
14.332 0 3 1 0 0 0 0 0 0 1 1 3 2 2 2 0 3 3 3 1 3 2 1 1 2 1 2 2 1 0 2 1 3 2 3 3 2 3 1 3 0 1 3 1 1 1 1 1 3 1
14.202 0 0 0 2 0 0 0 0 1 1 1 1 2 0 2 1 3 3 3 3 3 2 2 3 2 1 3 2 1 3 2 1 3 2 1 3 2 2 1 1 1 1 3 0 0 1 0 2 3 1
13.92 0 1 3 1 0 0 0 1 1 0 1 1 2 2 0 0 1 3 3 3 1 2 3 3 2 3 3 1 1 3 2 2 2 2 2 3 2 3 3 3 0 3 1 1 3 1 0 3 0 3
13.728 0 3 1 0 0 3 0 0 1 0 1 0 2 2 2 3 3 3 3 3 3 3 3 1 2 1 1 2 2 1 1 2 2 1 1 1 2 2 1 3 0 1 3 0 0 2 0 1 3 3
13.682 0 1 3 0 0 0 0 1 1 1 2 0 2 2 0 3 3 3 3 0 3 3 3 3 2 3 3 2 2 3 3 2 2 3 2 3 3 1 3 3 0 3 2 0 3 0 0 3 1 3
13.564 0 3 1 0 0 0 0 0 1 1 0 1 2 3 0 1 3 3 0 3 3 1 3 1 2 1 2 2 1 1 2 2 2 1 1 2 2 1 1 3 0 1 3 1 2 2 2 1 3 1
13.176 0 1 3 0 0 1 0 0 1 1 0 1 2 2 2 0 3 3 3 1 1 2 3 3 2 3 2 3 3 1 2 1 1 2 2 3 2 1 3 0 3 3 1 3 3 0 3 3 1 0
13.148 0 0 0 2 0 0 0 0 1 1 1 1 2 2 2 2 0 0 3 3 3 2 1 3 2 1 1 2 3 3 2 3 3 2 1 3 2 2 3 1 0 3 0 3 1 2 0 1 0 0
12.818 0 0 0 2 0 0 0 0 1 1 0 1 2 2 2 2 3 0 3 3 1 1 3 1 2 3 1 2 1 3 2 3 3 2 3 3 2 1 1 3 3 3 0 0 3 1 3 3 1 3
12.76 0 3 1 2 0 0 0 0 1 1 1 1 2 2 0 0 3 3 3 3 3 2 3 1 2 1 2 2 1 2 2 1 3 2 1 2 2 1 3 0 0 1 3 1 3 3 3 1 3 1
12.64 0 3 1 0 0 0 0 0 1 1 1 0 2 2 2 3 3 3 0 1 3 1 1 1 2 1 2 1 1 2 1 3 2 2 2 2 2 2 3 0 1 1 3 1 2 3 0 1 3 1
12.082 0 0 0 2 0 0 0 0 1 1 0 1 2 2 2 2 0 3 3 1 3 2 2 1 2 3 3 2 3 1 2 1 1 2 1 3 2 3 1 0 3 1 0 0 3 3 1 3 1 0
12.056 0 0 0 2 0 0 0 0 1 0 0 3 2 2 2 0 3 3 3 3 3 1 2 1 2 1 3 2 3 3 2 1 3 2 3 3 3 2 1 3 1 1 0 0 3 0 2 3 3 1
11.97 0 0 0 2 0 0 0 0 0 1 1 1 2 2 2 0 3 3 0 3 1 3 3 1 2 3 3 2 3 1 2 3 1 2 3 3 2 2 3 1 0 1 1 3 1 1 1 3 0 0
10.872 0 0 0 2 0 0 0 0 0 0 2 1 2 2 2 2 0 0 0 0 3 1 1 3 2 1 3 2 1 1 2 1 3 2 3 3 2 1 1 3 0 1 3 0 3 1 0 3 3 1
10.484 0 0 0 2 0 0 0 0 1 1 1 1 2 2 2 2 0 0 3 0 1 2 1 1 2 1 3 2 3 2 2 3 1 2 3 1 3 2 3 1 3 3 1 3 3 0 0 3 1 1
9.666 0 3 1 0 0 0 1 0 1 1 1 0 2 2 2 0 3 0 0 3 3 2 1 1 2 1 1 2 3 1 2 3 2 3 1 3 2 1 1 3 0 1 3 0 1 1 0 1 3 1
9.392 0 1 3 0 0 0 0 0 1 1 1 0 2 2 0 2 3 3 3 3 1 3 3 3 2 3 2 3 2 1 2 1 2 2 2 2 1 1 3 1 3 3 2 1 0 2 3 3 0 1
7.486 0 3 1 2 0 0 0 0 1 1 1 1 2 2 0 0 3 3 3 3 3 2 3 1 2 1 2 2 1 2 2 1 3 2 1 2 2 1 3 0 0 1 3 1 3 3 3 1 3 1
