19.256 0 3 1 0 0 0 0 0 0 0 1 1 2 2 2 2 0 3 3 3 3 2 1 1 2 1 1 1 1 1 2 2 3 2 2 1 2 2 1 3 1 1 3 0 0 2 0 1 1 1
19.188 0 3 1 0 0 0 0 0 1 2 1 3 2 2 2 0 3 0 3 3 3 1 1 1 2 1 1 2 1 1 2 1 1 2 2 1 2 2 1 3 3 0 0 1 3 1 0 1 3 1
19.162 0 3 1 0 0 1 0 0 1 1 1 0 3 0 2 0 3 3 3 3 3 2 1 1 2 1 2 1 1 1 1 2 2 1 2 3 2 2 1 2 0 1 0 1 3 0 0 1 3 1
19.148 0 3 1 0 0 0 0 0 1 3 1 0 2 2 2 0 0 3 3 3 3 3 1 1 2 1 2 2 2 1 1 3 2 1 2 1 1 2 1 1 1 1 0 1 0 2 3 1 3 0
19.126 0 3 1 0 0 0 0 0 1 0 1 0 2 2 2 0 0 3 0 3 3 1 2 1 2 1 1 2 2 1 2 2 3 2 1 1 2 2 1 3 0 1 3 1 3 2 0 1 0 1
19.11 0 1 3 1 0 0 0 0 1 1 1 1 2 0 0 0 3 0 3 3 1 2 3 3 2 3 3 2 2 2 2 2 1 2 2 3 2 2 3 1 3 3 0 3 1 2 3 3 1 1
19.084 0 0 0 2 0 0 0 0 1 0 1 1 2 2 0 0 3 0 0 3 1 2 3 1 2 3 1 2 3 3 2 3 2 2 3 3 2 3 3 1 2 3 1 0 2 2 1 3 1 1
19.068 0 3 1 0 0 0 0 0 1 1 0 1 2 2 2 0 3 3 3 3 3 2 3 1 2 1 0 2 1 1 2 1 2 2 2 1 2 1 1 3 1 1 3 0 1 0 3 3 3 1
19.064 0 0 0 0 0 0 0 0 1 1 1 1 2 2 3 2 3 0 3 3 3 3 3 3 3 3 2 3 3 2 3 3 2 3 2 2 2 3 3 0 0 1 1 3 1 2 0 3 1 0
19.064 0 1 3 0 0 0 0 0 1 1 1 1 2 2 2 0 0 0 3 0 1 3 3 3 2 3 2 2 1 1 2 1 3 2 2 3 2 2 3 1 0 3 2 3 3 3 1 3 3 0
19.048 0 1 3 0 0 0 0 0 1 1 1 1 2 2 0 3 0 3 0 0 1 3 3 3 2 3 2 2 1 3 2 2 1 2 3 3 3 2 3 1 0 3 1 3 2 0 3 3 0 0
19.02 0 0 0 2 0 0 0 0 1 1 1 1 2 0 2 0 3 0 3 3 1 2 1 3 2 3 1 2 3 3 2 3 1 2 1 3 2 3 3 0 0 3 1 2 0 1 2 3 1 3
18.98 0 1 3 1 0 1 0 0 1 3 1 1 2 2 0 0 3 3 3 3 1 3 1 3 2 3 3 2 3 3 2 3 3 2 2 3 2 3 3 1 0 3 1 0 2 1 1 3 1 0
18.928 0 1 3 0 0 3 0 1 1 1 1 1 2 2 2 0 0 3 3 3 1 2 1 3 2 3 3 2 3 2 2 2 1 2 3 3 2 2 3 0 3 3 1 0 2 1 0 3 1 1
18.912 0 0 0 0 0 1 0 0 1 1 1 1 2 2 2 2 3 1 3 0 3 3 3 3 3 3 2 3 3 2 2 3 2 2 2 3 3 3 3 1 3 3 1 0 0 3 1 0 1 3
18.886 0 1 3 0 0 0 0 0 1 1 1 1 2 0 2 0 3 1 3 1 1 2 3 3 2 3 3 2 3 1 0 2 2 3 3 2 2 3 3 1 3 3 1 1 1 2 3 3 0 3
18.864 0 1 3 0 0 0 0 0 1 0 1 0 2 2 2 1 3 3 3 1 1 3 3 3 2 3 0 3 3 3 2 2 3 2 2 3 2 2 3 1 0 3 1 3 3 2 3 3 1 0
18.86 0 0 0 2 0 0 0 0 1 1 0 1 2 2 0 2 3 1 3 3 1 2 1 1 2 3 3 2 1 3 2 1 1 2 3 1 2 3 1 3 3 3 1 0 2 0 0 3 1 1
18.83 0 1 3 0 0 0 1 0 1 1 1 0 2 2 2 0 3 0 0 3 3 3 3 3 2 3 3 3 3 2 2 3 3 2 2 3 3 3 3 3 3 1 0 0 3 3 2 3 1 1
18.76 0 0 0 0 0 0 0 0 1 1 1 1 2 2 2 2 3 3 3 0 3 3 1 3 3 3 1 3 3 2 2 3 2 2 2 2 3 3 1 0 0 1 1 3 3 1 0 2 1 3
18.76 0 0 3 0 0 0 0 0 1 1 0 1 2 0 2 0 0 0 3 3 3 2 1 3 3 3 1 3 3 3 3 2 3 1 3 2 3 3 3 1 0 3 1 3 1 2 2 3 1 3
18.746 0 0 3 0 0 1 0 0 1 1 1 0 2 2 2 0 0 0 3 3 3 3 3 3 3 3 1 3 3 3 3 3 2 1 3 3 3 1 3 1 3 3 1 1 3 1 1 3 1 0
18.704 0 0 3 0 0 0 0 0 1 1 1 1 2 2 0 0 0 0 3 0 3 3 2 3 3 3 3 3 3 3 3 3 2 3 3 3 3 2 3 1 3 1 0 0 3 3 0 3 1 3
18.686 0 1 3 0 0 0 0 0 1 1 1 0 2 2 3 1 3 3 0 3 1 3 1 3 2 3 3 2 3 3 2 3 3 2 2 3 3 2 3 1 0 1 1 3 1 3 2 3 3 0
18.626 0 1 3 0 0 0 0 3 1 1 1 1 2 2 2 0 3 3 3 0 2 3 3 3 2 3 3 3 2 1 3 2 2 3 2 3 2 2 3 1 3 3 1 0 1 1 3 3 1 3
