19.02 0 0 0 2 0 0 0 0 3 1 1 1 2 2 2 3 3 3 3 3 3 2 1 3 2 1 1 3 3 2 2 3 1 3 1 3 2 2 1 0 1 1 2 1 3 3 3 3 3 2
19.005 0 0 0 1 0 0 0 1 1 0 1 0 2 2 0 2 3 3 3 3 1 3 3 1 2 2 1 3 2 1 2 3 1 2 3 2 2 2 1 1 3 1 2 3 0 2 1 3 1 1
18.815 0 1 3 0 0 0 2 0 1 1 1 1 2 2 0 2 3 3 3 0 1 2 1 3 2 3 1 3 1 3 2 2 1 2 2 2 3 1 3 2 3 3 1 0 3 1 3 3 2 3
18.815 0 0 0 2 0 0 1 3 1 1 1 1 2 2 2 2 3 0 3 3 1 2 3 3 2 1 1 2 1 3 2 1 1 2 3 3 2 1 1 1 1 1 0 3 0 1 3 2 0 3
18.7425 0 3 0 1 1 0 0 2 1 1 1 2 2 2 2 1 0 0 0 3 2 3 3 2 1 2 2 3 3 2 3 2 2 1 2 3 3 2 3 1 1 1 1 0 1 2 1 3 1 3
18.5525 0 0 0 2 0 0 0 0 1 0 1 0 2 0 2 2 3 3 3 0 3 2 3 3 2 1 3 1 2 3 2 2 1 2 3 2 2 1 1 2 1 1 3 0 1 3 1 3 1 3
18.49 3 1 0 2 0 0 0 1 1 1 1 0 2 2 2 2 3 3 3 3 2 1 1 2 3 1 2 3 2 2 3 2 3 2 3 2 1 1 3 3 1 1 3 0 1 1 3 3 3 1
18.4175 0 1 0 0 0 0 0 0 3 1 1 0 2 2 2 2 3 3 1 1 3 2 3 2 3 3 0 2 3 2 2 3 2 3 3 2 3 3 1 3 0 1 1 1 3 1 2 1 3 1
17.625 0 0 0 2 0 3 1 0 1 1 1 1 2 2 2 2 3 0 3 1 1 2 1 3 2 1 1 2 2 3 2 2 2 2 3 3 2 3 2 1 0 1 1 0 1 1 1 3 3 3
17.4525 3 1 0 0 0 3 0 0 1 1 1 3 2 2 0 3 3 3 0 3 2 1 1 2 3 2 1 3 2 2 3 2 2 3 3 2 2 1 2 1 1 3 1 3 1 2 3 1 1 1
17.4 3 3 0 3 0 1 0 3 1 0 0 0 2 2 2 2 3 3 3 3 3 2 1 2 2 1 3 3 3 2 3 3 3 3 3 2 2 2 1 3 0 1 2 0 0 1 3 1 3 1
17.35 1 0 0 2 0 0 0 1 1 1 3 0 2 1 2 2 3 0 0 3 2 3 1 3 3 3 3 1 2 2 2 2 1 1 1 1 1 2 3 1 3 1 1 1 1 2 3 3 3 1
17.12 0 3 1 0 0 0 0 1 3 0 1 3 2 0 0 1 3 1 3 2 3 3 3 1 2 1 0 2 3 1 2 3 2 1 3 3 2 0 1 3 1 1 2 1 1 3 2 1 1 0
16.76 0 0 0 2 0 0 0 1 1 1 1 1 2 2 2 1 3 0 3 0 1 2 2 3 3 3 3 2 3 1 3 2 2 2 0 3 2 1 1 2 1 1 2 0 3 3 1 1 3 0
16.53 0 3 0 3 0 0 0 0 3 1 1 3 2 2 2 3 3 0 3 3 1 1 2 2 1 2 1 2 3 2 3 3 1 2 2 2 3 1 2 1 1 1 1 0 3 0 3 3 1 1
16.44 0 0 1 1 0 1 0 3 1 2 1 1 2 2 2 0 3 3 3 0 1 1 2 1 1 1 2 1 2 2 1 2 2 1 2 2 1 3 3 1 0 1 1 1 3 3 3 3 3 1
16.3 0 1 0 2 0 0 3 0 1 1 0 2 2 2 2 0 3 0 1 3 3 2 2 3 3 1 3 3 3 1 1 3 2 2 3 2 2 3 2 0 3 3 0 1 0 3 1 3 3 0
15.06 1 3 0 0 0 1 3 1 1 1 3 1 2 0 2 1 3 1 1 3 2 1 2 2 3 2 2 3 1 2 3 3 2 3 3 2 3 3 2 1 1 3 1 3 1 1 2 3 1 3
14.29 3 0 1 2 0 0 1 0 1 1 1 1 3 2 2 2 3 0 3 3 1 2 2 1 3 3 3 2 3 3 2 3 3 3 2 3 2 1 1 2 3 1 2 0 3 0 2 2 3 0
14.0 0 1 3 0 0 0 3 0 3 3 1 0 2 2 2 3 3 3 0 3 1 3 3 3 2 3 2 2 3 2 3 2 2 2 2 2 3 3 1 3 3 3 0 3 3 1 0 1 2 3
13.47 0 3 1 2 3 1 3 0 1 0 1 3 2 0 3 2 3 3 3 2 3 2 1 1 2 1 3 2 1 1 1 2 2 2 1 2 1 1 1 0 0 1 3 2 3 2 1 3 3 1
13.26 1 0 0 1 0 3 1 0 1 3 1 1 2 2 2 3 0 0 3 3 2 1 2 3 3 2 2 1 1 2 1 2 2 1 1 2 1 2 3 1 2 3 1 1 3 0 1 3 1 3
13.0 0 0 1 2 0 0 0 0 1 1 0 0 2 2 2 2 1 3 1 0 3 3 1 3 2 1 3 1 2 3 2 1 1 2 1 2 3 2 3 3 2 1 3 1 3 1 2 3 0 3
