19.35 0 3 1 0 0 0 1 0 1 1 1 0 2 2 2 0 3 0 0 3 3 2 1 1 2 1 1 2 3 1 2 3 2 3 1 3 2 1 1 3 0 1 3 0 1 1 0 1 3 1
19.224 0 0 0 2 0 0 0 0 0 1 1 1 2 2 2 0 3 3 0 3 1 3 3 1 2 3 3 2 3 1 2 3 1 2 3 3 2 2 3 1 0 1 1 3 1 1 1 3 0 0
19.146 0 0 0 2 0 0 0 0 0 0 2 1 2 2 2 2 0 0 0 0 3 1 1 3 2 1 3 2 1 1 2 1 3 2 3 3 2 1 1 3 0 1 3 0 3 1 0 3 3 1
19.026 0 3 1 0 0 0 0 0 0 3 0 0 2 2 0 0 0 3 0 3 3 1 2 1 2 1 1 2 1 1 3 1 2 2 2 3 2 3 1 3 0 1 3 1 1 2 1 1 0 1
18.856 0 3 1 0 0 0 0 0 0 1 1 3 2 2 2 0 3 3 3 1 3 2 1 1 2 1 2 2 1 0 2 1 3 2 3 3 2 3 1 3 0 1 3 1 1 1 1 1 3 1
18.798 0 0 0 2 0 0 0 0 1 1 0 1 2 2 2 2 3 0 3 3 1 1 3 1 2 3 1 2 1 3 2 3 3 2 3 3 2 1 1 3 3 3 0 0 3 1 3 3 1 3
18.782 0 3 1 0 0 0 0 0 0 1 1 0 2 0 2 0 3 3 1 3 1 2 1 1 2 1 1 1 1 2 1 1 2 1 2 2 2 2 1 3 1 1 3 1 3 0 1 1 3 0
18.656 0 0 0 2 0 0 0 0 1 1 1 1 2 2 2 2 0 0 3 0 1 2 1 1 2 1 3 2 3 2 2 3 1 2 3 1 3 2 3 1 3 3 1 3 3 0 0 3 1 1
18.616 0 1 3 0 0 0 0 0 1 1 1 0 2 2 0 2 3 3 3 3 1 3 3 3 2 3 2 3 2 1 2 1 2 2 2 2 1 1 3 1 3 3 2 1 0 2 3 3 0 1
18.304 0 3 1 0 0 3 0 0 1 0 1 0 2 2 2 3 3 3 3 3 3 3 3 1 2 1 1 2 2 1 1 2 2 1 1 1 2 2 1 3 0 1 3 0 0 2 0 1 3 3
18.244 0 3 1 0 0 0 0 0 1 1 0 1 2 3 0 1 3 3 0 3 3 1 3 1 2 1 2 2 1 1 2 2 2 1 1 2 2 1 1 3 0 1 3 1 2 2 2 1 3 1
18.088 0 0 0 2 0 0 0 0 1 1 1 1 2 2 2 2 0 0 3 3 3 2 1 3 2 1 1 2 3 3 2 3 3 2 1 3 2 2 3 1 0 3 0 3 1 2 0 1 0 0
17.976 0 1 3 0 0 0 0 0 1 1 1 0 2 0 2 1 3 3 3 0 2 2 3 3 2 3 3 2 3 3 2 3 2 3 3 3 3 3 3 1 0 3 1 3 2 3 3 3 1 2
17.922 0 1 3 0 0 0 0 0 1 1 2 1 2 2 2 1 0 1 0 0 1 3 1 3 2 3 2 3 3 2 2 3 3 2 2 3 2 3 3 1 0 3 1 3 3 1 3 3 2 2
17.878 0 1 3 0 0 0 0 0 1 1 1 0 2 2 0 0 3 0 0 0 1 3 3 3 2 3 2 3 3 2 3 2 2 2 2 3 3 2 3 3 0 3 0 0 2 1 0 3 1 1
17.784 0 1 3 0 0 0 3 0 1 1 0 1 2 3 2 0 3 3 3 1 1 1 3 3 2 3 3 2 3 1 1 2 3 2 2 3 2 1 3 2 0 3 1 3 3 2 3 3 0 3
17.7 0 1 3 0 0 1 0 0 1 1 0 1 2 2 2 0 3 3 3 1 1 2 3 3 2 3 2 3 3 1 2 1 1 2 2 3 2 1 3 0 3 3 1 3 3 0 3 3 1 0
17.66 0 0 0 2 0 0 0 0 1 1 1 1 2 0 2 1 3 3 3 3 3 2 2 3 2 1 3 2 1 3 2 1 3 2 1 3 2 2 1 1 1 1 3 0 0 1 0 2 3 1
17.644 0 0 1 2 0 0 3 0 1 1 1 0 2 2 1 2 0 3 3 1 3 2 2 1 2 1 3 2 1 1 2 3 3 2 2 3 2 1 1 2 1 1 3 1 3 0 1 1 3 1
17.502 0 3 1 0 0 0 0 0 1 1 1 0 2 2 2 3 3 3 0 1 3 1 1 1 2 1 2 1 1 2 1 3 2 2 2 2 2 2 3 0 1 1 3 1 2 3 0 1 3 1
17.43 0 1 3 1 0 0 0 1 1 0 1 1 2 2 0 0 1 3 3 3 1 2 3 3 2 3 3 1 1 3 2 2 2 2 2 3 2 3 3 3 0 3 1 1 3 1 0 3 0 3
17.36 0 0 0 2 0 0 0 0 1 0 0 3 2 2 2 0 3 3 3 3 3 1 2 1 2 1 3 2 3 3 2 1 3 2 3 3 3 2 1 3 1 1 0 0 3 0 2 3 3 1
17.062 0 1 3 0 0 0 0 1 1 1 2 0 2 2 0 3 3 3 3 0 3 3 3 3 2 3 3 2 2 3 3 2 2 3 2 3 3 1 3 3 0 3 2 0 3 0 0 3 1 3
17.022 0 0 0 2 0 0 0 0 1 1 0 1 2 2 2 2 0 3 3 1 3 2 2 1 2 3 3 2 3 1 2 1 1 2 1 3 2 3 1 0 3 1 0 0 3 3 1 3 1 0
16.998 0 3 1 2 0 0 0 0 1 1 1 1 2 2 0 0 3 3 3 3 3 2 3 1 2 1 2 2 1 2 2 1 3 2 1 2 2 1 3 0 0 1 3 1 3 3 3 1 3 1
