18.678 0 1 3 0 0 3 0 0 1 1 1 1 0 0 2 0 3 0 0 0 1 3 3 3 2 3 2 2 3 3 2 3 3 2 3 3 2 3 3 1 0 3 1 3 0 1 3 3 1 0
18.34 0 3 1 0 0 0 0 0 0 1 1 0 2 2 0 0 3 2 3 3 3 2 1 1 2 1 1 2 1 1 1 1 1 2 1 1 2 2 1 3 0 1 1 1 2 3 1 1 2 0
18.266 0 3 1 0 0 1 0 0 1 0 2 0 2 1 2 0 3 3 3 0 3 2 1 1 2 1 1 3 1 1 1 1 2 2 1 1 2 2 1 2 3 1 2 1 0 1 0 1 3 1
18.204 0 3 1 0 0 0 1 0 1 0 1 0 2 2 3 0 3 3 3 0 3 2 3 1 2 1 3 1 1 3 3 1 1 2 2 3 3 3 1 3 0 1 3 0 1 0 1 3 3 0
17.876 0 1 3 0 0 1 0 0 1 1 1 0 0 0 2 0 0 0 0 3 1 3 3 3 2 3 3 3 1 3 2 3 3 2 2 3 2 3 3 0 0 3 1 1 3 2 2 3 1 0
17.792 0 3 1 0 0 0 0 0 0 1 1 0 2 2 2 2 0 3 3 3 2 2 1 1 2 1 2 1 2 2 1 3 2 2 2 1 2 1 1 3 3 3 0 1 1 1 3 3 3 1
17.592 0 0 1 0 0 0 3 1 1 0 1 1 2 2 0 2 3 3 3 3 1 1 1 1 1 1 1 1 1 2 1 2 1 1 2 2 1 1 1 0 1 3 3 1 1 0 2 3 3 0
17.48 0 0 0 0 0 0 1 0 1 1 1 1 2 2 2 0 3 0 3 3 1 1 1 3 2 1 1 2 1 2 1 1 2 2 3 3 2 2 1 0 1 1 3 1 1 1 3 1 3 0
17.404 0 3 1 0 0 0 0 1 1 1 1 3 2 0 0 0 3 3 3 0 3 1 1 1 2 1 1 2 2 1 2 3 3 2 2 0 1 2 1 0 1 3 0 1 0 3 1 1 3 1
17.402 0 3 1 3 0 0 0 0 0 3 0 0 2 2 0 3 3 3 3 3 0 1 1 1 2 2 1 3 1 1 3 3 3 2 2 1 2 2 1 2 1 1 3 1 1 2 0 1 3 1
17.14 0 3 1 2 0 0 0 0 0 0 1 0 2 2 0 2 3 3 1 0 3 1 1 1 2 1 3 3 1 2 2 1 3 2 1 2 2 2 1 2 1 0 0 1 1 0 0 1 3 1
17.1 1 1 0 2 0 0 0 0 1 1 1 1 2 2 1 0 3 3 3 3 2 1 2 2 1 2 2 1 2 2 3 2 2 3 2 2 1 2 3 3 3 1 1 3 2 2 1 3 3 1
17.044 0 0 0 2 0 0 0 0 1 1 1 0 2 0 2 2 0 3 0 0 1 2 3 1 2 3 3 3 3 2 2 3 1 2 3 3 2 2 3 1 3 3 3 1 3 1 3 3 1 0
17.018 0 1 0 0 0 0 0 0 1 1 1 1 2 2 0 2 3 3 3 1 0 3 2 2 1 2 2 1 3 2 3 2 2 3 1 3 2 2 3 0 0 3 3 0 0 0 1 3 1 1
16.878 0 1 0 0 0 0 0 0 1 1 1 1 2 3 2 0 3 0 0 3 2 3 3 2 1 2 2 3 3 3 3 3 2 3 2 3 3 2 3 3 1 1 3 1 1 0 0 3 3 0
16.836 0 1 3 0 0 0 3 1 1 0 1 1 2 2 2 0 0 0 0 3 1 2 3 3 2 3 3 2 3 3 3 3 3 3 3 3 3 3 2 1 3 1 0 0 2 0 2 3 1 0
16.726 0 0 0 2 0 0 0 3 0 1 1 1 2 2 0 1 0 1 3 0 1 2 3 3 2 1 3 2 1 3 2 1 3 2 3 3 2 1 3 1 0 1 0 3 1 1 1 3 0 1
16.594 0 3 1 0 0 0 3 1 1 0 0 0 2 2 0 1 3 3 3 3 3 3 1 1 2 1 3 1 3 3 2 2 3 3 2 3 3 2 1 1 3 1 0 1 3 2 1 1 3 0
16.572 0 3 1 1 0 0 0 3 1 1 1 0 2 2 0 3 3 0 1 3 3 1 1 1 2 1 3 3 2 2 1 1 1 2 2 3 3 2 1 3 3 1 1 1 1 1 1 1 3 0
16.566 0 1 3 0 0 0 0 3 0 1 3 1 2 2 1 0 3 3 3 3 1 2 3 3 2 3 1 3 3 1 1 1 1 2 2 1 1 2 3 1 2 3 2 3 2 0 0 3 1 0
16.466 0 3 0 2 0 0 0 0 1 1 0 1 2 0 0 2 3 3 3 1 3 3 2 1 2 1 2 2 3 2 2 1 2 2 2 1 3 1 3 0 3 1 3 0 1 2 2 3 3 3
16.442 0 0 0 2 0 0 0 0 1 1 1 1 2 2 2 2 3 0 0 3 3 2 1 3 2 3 2 3 3 3 3 1 1 2 1 3 2 1 1 1 3 1 1 0 3 3 2 3 1 3
16.342 0 3 0 0 0 0 0 0 1 1 0 1 2 0 2 0 3 3 0 0 2 3 2 2 1 2 2 3 3 2 1 2 3 3 2 2 3 2 3 1 3 1 3 0 1 1 0 3 1 0
16.306 0 3 1 2 0 0 0 3 1 1 0 0 2 0 2 0 3 3 3 3 3 2 3 1 2 1 2 2 3 0 2 1 2 1 1 2 2 3 1 3 3 1 3 0 1 2 1 1 3 3
16.222 0 1 3 0 0 2 0 0 1 1 1 1 2 2 3 0 3 1 0 3 1 1 3 3 2 3 3 2 2 3 2 2 3 2 1 3 2 1 3 0 1 3 2 1 3 1 1 3 3 0
